0/1000: 1.000 | 1.000 | 1.000 | 1.000 | 1.000 | 
1/1000: 1.000 | 1.000 | 1.000 | 0.500 | 0.500 | 
2/1000: 1.000 | 1.000 | 1.000 | 0.667 | 0.667 | 
3/1000: 1.000 | 1.000 | 1.000 | 0.750 | 0.750 | 
4/1000: 1.000 | 1.000 | 1.000 | 0.800 | 0.800 | 
5/1000: 1.000 | 1.000 | 1.000 | 0.833 | 0.833 | 
6/1000: 1.000 | 1.000 | 1.000 | 0.857 | 0.857 | 
7/1000: 0.875 | 0.875 | 0.875 | 0.750 | 0.750 | 
8/1000: 0.889 | 0.778 | 0.778 | 0.667 | 0.667 | 
9/1000: 0.900 | 0.800 | 0.800 | 0.700 | 0.700 | 
10/1000: 0.909 | 0.818 | 0.818 | 0.727 | 0.727 | 
11/1000: 0.917 | 0.833 | 0.833 | 0.750 | 0.750 | 
12/1000: 0.923 | 0.846 | 0.846 | 0.769 | 0.769 | 
13/1000: 0.929 | 0.857 | 0.857 | 0.786 | 0.714 | 
14/1000: 0.933 | 0.867 | 0.867 | 0.800 | 0.733 | 
15/1000: 0.938 | 0.875 | 0.875 | 0.812 | 0.750 | 
16/1000: 0.941 | 0.882 | 0.824 | 0.765 | 0.706 | 
17/1000: 0.944 | 0.889 | 0.833 | 0.722 | 0.667 | 
18/1000: 0.947 | 0.895 | 0.842 | 0.737 | 0.632 | 
19/1000: 0.950 | 0.900 | 0.850 | 0.750 | 0.650 | 
20/1000: 0.952 | 0.905 | 0.857 | 0.762 | 0.619 | 
21/1000: 0.955 | 0.909 | 0.864 | 0.773 | 0.636 | 
22/1000: 0.957 | 0.913 | 0.870 | 0.739 | 0.609 | 
23/1000: 0.958 | 0.917 | 0.875 | 0.750 | 0.625 | 
24/1000: 0.960 | 0.920 | 0.880 | 0.760 | 0.640 | 
25/1000: 0.962 | 0.923 | 0.885 | 0.769 | 0.615 | 
26/1000: 0.926 | 0.889 | 0.852 | 0.741 | 0.593 | 
27/1000: 0.929 | 0.893 | 0.857 | 0.750 | 0.607 | 
28/1000: 0.931 | 0.897 | 0.862 | 0.759 | 0.621 | 
29/1000: 0.933 | 0.867 | 0.833 | 0.733 | 0.600 | 
30/1000: 0.935 | 0.871 | 0.839 | 0.742 | 0.613 | 
31/1000: 0.938 | 0.875 | 0.844 | 0.750 | 0.625 | 
32/1000: 0.939 | 0.879 | 0.818 | 0.727 | 0.606 | 
33/1000: 0.941 | 0.882 | 0.824 | 0.735 | 0.618 | 
34/1000: 0.943 | 0.886 | 0.829 | 0.743 | 0.629 | 
35/1000: 0.944 | 0.889 | 0.833 | 0.750 | 0.639 | 
36/1000: 0.946 | 0.892 | 0.838 | 0.757 | 0.622 | 
37/1000: 0.947 | 0.895 | 0.816 | 0.737 | 0.605 | 
38/1000: 0.949 | 0.897 | 0.821 | 0.744 | 0.590 | 
39/1000: 0.950 | 0.900 | 0.825 | 0.750 | 0.600 | 
40/1000: 0.951 | 0.902 | 0.829 | 0.756 | 0.610 | 
41/1000: 0.952 | 0.905 | 0.833 | 0.762 | 0.619 | 
42/1000: 0.953 | 0.907 | 0.837 | 0.767 | 0.628 | 
43/1000: 0.955 | 0.909 | 0.841 | 0.773 | 0.636 | 
44/1000: 0.956 | 0.911 | 0.844 | 0.778 | 0.622 | 
45/1000: 0.957 | 0.913 | 0.848 | 0.761 | 0.609 | 
46/1000: 0.957 | 0.915 | 0.851 | 0.766 | 0.617 | 
47/1000: 0.958 | 0.896 | 0.833 | 0.750 | 0.604 | 
48/1000: 0.959 | 0.898 | 0.837 | 0.755 | 0.612 | 
49/1000: 0.960 | 0.900 | 0.840 | 0.760 | 0.620 | 
50/1000: 0.961 | 0.902 | 0.843 | 0.745 | 0.608 | 
51/1000: 0.962 | 0.904 | 0.827 | 0.731 | 0.596 | 
52/1000: 0.962 | 0.906 | 0.811 | 0.717 | 0.585 | 
53/1000: 0.963 | 0.907 | 0.815 | 0.722 | 0.593 | 
54/1000: 0.964 | 0.909 | 0.818 | 0.727 | 0.600 | 
55/1000: 0.964 | 0.911 | 0.821 | 0.714 | 0.589 | 
56/1000: 0.965 | 0.912 | 0.825 | 0.719 | 0.596 | 
57/1000: 0.966 | 0.897 | 0.810 | 0.707 | 0.586 | 
58/1000: 0.966 | 0.898 | 0.814 | 0.712 | 0.593 | 
59/1000: 0.967 | 0.900 | 0.817 | 0.717 | 0.600 | 
60/1000: 0.967 | 0.902 | 0.820 | 0.721 | 0.607 | 
61/1000: 0.952 | 0.887 | 0.806 | 0.710 | 0.597 | 
62/1000: 0.952 | 0.889 | 0.810 | 0.714 | 0.603 | 
63/1000: 0.953 | 0.891 | 0.812 | 0.719 | 0.609 | 
64/1000: 0.954 | 0.877 | 0.800 | 0.708 | 0.600 | 
65/1000: 0.955 | 0.879 | 0.803 | 0.712 | 0.606 | 
66/1000: 0.955 | 0.866 | 0.791 | 0.701 | 0.597 | 
67/1000: 0.956 | 0.868 | 0.794 | 0.706 | 0.588 | 
68/1000: 0.957 | 0.870 | 0.797 | 0.710 | 0.594 | 
69/1000: 0.957 | 0.871 | 0.800 | 0.714 | 0.600 | 
70/1000: 0.958 | 0.873 | 0.803 | 0.718 | 0.606 | 
71/1000: 0.958 | 0.875 | 0.806 | 0.722 | 0.611 | 
72/1000: 0.959 | 0.877 | 0.808 | 0.726 | 0.616 | 
73/1000: 0.959 | 0.878 | 0.797 | 0.716 | 0.608 | 
74/1000: 0.960 | 0.880 | 0.800 | 0.720 | 0.613 | 
75/1000: 0.961 | 0.868 | 0.789 | 0.711 | 0.605 | 
76/1000: 0.961 | 0.870 | 0.792 | 0.701 | 0.597 | 
77/1000: 0.962 | 0.872 | 0.795 | 0.705 | 0.603 | 
78/1000: 0.962 | 0.873 | 0.797 | 0.696 | 0.595 | 
79/1000: 0.963 | 0.875 | 0.787 | 0.688 | 0.588 | 
80/1000: 0.963 | 0.877 | 0.790 | 0.691 | 0.593 | 
81/1000: 0.963 | 0.878 | 0.793 | 0.695 | 0.598 | 
82/1000: 0.964 | 0.880 | 0.795 | 0.699 | 0.602 | 
83/1000: 0.964 | 0.881 | 0.798 | 0.702 | 0.607 | 
84/1000: 0.965 | 0.882 | 0.800 | 0.706 | 0.612 | 
85/1000: 0.965 | 0.884 | 0.802 | 0.709 | 0.616 | 
86/1000: 0.966 | 0.885 | 0.805 | 0.713 | 0.621 | 
87/1000: 0.955 | 0.875 | 0.795 | 0.705 | 0.614 | 
88/1000: 0.955 | 0.876 | 0.798 | 0.708 | 0.618 | 
89/1000: 0.956 | 0.878 | 0.800 | 0.711 | 0.622 | 
90/1000: 0.956 | 0.879 | 0.802 | 0.714 | 0.626 | 
91/1000: 0.957 | 0.880 | 0.804 | 0.717 | 0.630 | 
92/1000: 0.957 | 0.882 | 0.796 | 0.710 | 0.624 | 
93/1000: 0.957 | 0.883 | 0.798 | 0.713 | 0.628 | 
94/1000: 0.958 | 0.884 | 0.800 | 0.716 | 0.632 | 
95/1000: 0.958 | 0.885 | 0.802 | 0.719 | 0.635 | 
96/1000: 0.959 | 0.876 | 0.794 | 0.711 | 0.629 | 
97/1000: 0.959 | 0.878 | 0.796 | 0.714 | 0.622 | 
98/1000: 0.960 | 0.879 | 0.788 | 0.707 | 0.616 | 
99/1000: 0.960 | 0.880 | 0.790 | 0.710 | 0.620 | 
100/1000: 0.960 | 0.881 | 0.792 | 0.713 | 0.624 | 
101/1000: 0.961 | 0.882 | 0.794 | 0.716 | 0.627 | 
102/1000: 0.961 | 0.883 | 0.796 | 0.718 | 0.631 | 
103/1000: 0.952 | 0.875 | 0.788 | 0.712 | 0.625 | 
104/1000: 0.952 | 0.876 | 0.790 | 0.714 | 0.629 | 
105/1000: 0.953 | 0.877 | 0.792 | 0.717 | 0.632 | 
106/1000: 0.953 | 0.879 | 0.794 | 0.720 | 0.636 | 
107/1000: 0.954 | 0.870 | 0.787 | 0.713 | 0.630 | 
108/1000: 0.954 | 0.862 | 0.780 | 0.706 | 0.624 | 
109/1000: 0.955 | 0.864 | 0.782 | 0.709 | 0.627 | 
110/1000: 0.955 | 0.865 | 0.775 | 0.703 | 0.622 | 
111/1000: 0.955 | 0.866 | 0.777 | 0.705 | 0.625 | 
112/1000: 0.947 | 0.858 | 0.770 | 0.699 | 0.619 | 
113/1000: 0.947 | 0.860 | 0.772 | 0.702 | 0.623 | 
114/1000: 0.948 | 0.861 | 0.774 | 0.704 | 0.626 | 
115/1000: 0.948 | 0.862 | 0.776 | 0.698 | 0.621 | 
116/1000: 0.949 | 0.863 | 0.778 | 0.701 | 0.615 | 
117/1000: 0.949 | 0.864 | 0.780 | 0.703 | 0.619 | 
118/1000: 0.950 | 0.866 | 0.773 | 0.697 | 0.613 | 
119/1000: 0.950 | 0.867 | 0.775 | 0.700 | 0.617 | 
120/1000: 0.950 | 0.868 | 0.777 | 0.702 | 0.620 | 
121/1000: 0.951 | 0.869 | 0.779 | 0.705 | 0.615 | 
122/1000: 0.951 | 0.870 | 0.780 | 0.707 | 0.618 | 
123/1000: 0.952 | 0.871 | 0.782 | 0.710 | 0.621 | 
124/1000: 0.952 | 0.872 | 0.784 | 0.712 | 0.624 | 
125/1000: 0.952 | 0.873 | 0.786 | 0.714 | 0.627 | 
126/1000: 0.953 | 0.874 | 0.787 | 0.717 | 0.630 | 
127/1000: 0.953 | 0.875 | 0.781 | 0.711 | 0.625 | 
128/1000: 0.953 | 0.876 | 0.783 | 0.713 | 0.628 | 
129/1000: 0.954 | 0.877 | 0.785 | 0.715 | 0.631 | 
130/1000: 0.954 | 0.878 | 0.786 | 0.718 | 0.626 | 
131/1000: 0.955 | 0.871 | 0.780 | 0.712 | 0.621 | 
132/1000: 0.955 | 0.872 | 0.782 | 0.714 | 0.617 | 
133/1000: 0.955 | 0.873 | 0.784 | 0.716 | 0.619 | 
134/1000: 0.956 | 0.874 | 0.785 | 0.719 | 0.622 | 
135/1000: 0.956 | 0.875 | 0.787 | 0.721 | 0.625 | 
136/1000: 0.956 | 0.876 | 0.788 | 0.723 | 0.620 | 
137/1000: 0.957 | 0.877 | 0.790 | 0.725 | 0.623 | 
138/1000: 0.957 | 0.878 | 0.791 | 0.727 | 0.626 | 
139/1000: 0.957 | 0.879 | 0.793 | 0.729 | 0.629 | 
140/1000: 0.957 | 0.879 | 0.787 | 0.723 | 0.624 | 
141/1000: 0.958 | 0.880 | 0.789 | 0.718 | 0.620 | 
142/1000: 0.958 | 0.881 | 0.790 | 0.720 | 0.615 | 
143/1000: 0.958 | 0.882 | 0.792 | 0.715 | 0.611 | 
144/1000: 0.959 | 0.883 | 0.793 | 0.717 | 0.614 | 
145/1000: 0.959 | 0.884 | 0.795 | 0.719 | 0.616 | 
146/1000: 0.959 | 0.884 | 0.796 | 0.714 | 0.612 | 
147/1000: 0.959 | 0.885 | 0.797 | 0.716 | 0.615 | 
148/1000: 0.960 | 0.879 | 0.792 | 0.711 | 0.611 | 
149/1000: 0.960 | 0.880 | 0.793 | 0.713 | 0.607 | 
150/1000: 0.960 | 0.881 | 0.795 | 0.715 | 0.609 | 
151/1000: 0.961 | 0.882 | 0.796 | 0.717 | 0.605 | 
152/1000: 0.961 | 0.882 | 0.797 | 0.719 | 0.608 | 
153/1000: 0.961 | 0.883 | 0.799 | 0.721 | 0.610 | 
154/1000: 0.961 | 0.884 | 0.800 | 0.723 | 0.613 | 
155/1000: 0.962 | 0.885 | 0.801 | 0.724 | 0.615 | 
156/1000: 0.962 | 0.885 | 0.803 | 0.726 | 0.618 | 
157/1000: 0.962 | 0.886 | 0.804 | 0.722 | 0.614 | 
158/1000: 0.962 | 0.887 | 0.805 | 0.723 | 0.616 | 
159/1000: 0.963 | 0.887 | 0.806 | 0.725 | 0.619 | 
160/1000: 0.963 | 0.888 | 0.807 | 0.720 | 0.615 | 
161/1000: 0.963 | 0.889 | 0.809 | 0.722 | 0.617 | 
162/1000: 0.963 | 0.890 | 0.810 | 0.724 | 0.613 | 
163/1000: 0.963 | 0.890 | 0.811 | 0.726 | 0.616 | 
164/1000: 0.964 | 0.891 | 0.812 | 0.727 | 0.618 | 
165/1000: 0.964 | 0.892 | 0.813 | 0.729 | 0.620 | 
166/1000: 0.964 | 0.892 | 0.814 | 0.731 | 0.623 | 
167/1000: 0.964 | 0.887 | 0.810 | 0.726 | 0.619 | 
168/1000: 0.964 | 0.888 | 0.811 | 0.728 | 0.621 | 
169/1000: 0.965 | 0.888 | 0.812 | 0.729 | 0.624 | 
170/1000: 0.965 | 0.889 | 0.813 | 0.731 | 0.626 | 
171/1000: 0.965 | 0.890 | 0.814 | 0.727 | 0.622 | 
172/1000: 0.965 | 0.890 | 0.815 | 0.728 | 0.624 | 
173/1000: 0.966 | 0.885 | 0.810 | 0.724 | 0.621 | 
174/1000: 0.960 | 0.880 | 0.806 | 0.720 | 0.617 | 
175/1000: 0.960 | 0.881 | 0.801 | 0.716 | 0.614 | 
176/1000: 0.960 | 0.881 | 0.802 | 0.718 | 0.616 | 
177/1000: 0.961 | 0.882 | 0.803 | 0.719 | 0.612 | 
178/1000: 0.961 | 0.883 | 0.804 | 0.721 | 0.615 | 
179/1000: 0.961 | 0.883 | 0.806 | 0.722 | 0.617 | 
180/1000: 0.961 | 0.884 | 0.807 | 0.718 | 0.613 | 
181/1000: 0.962 | 0.885 | 0.808 | 0.720 | 0.610 | 
182/1000: 0.962 | 0.885 | 0.809 | 0.721 | 0.612 | 
183/1000: 0.962 | 0.886 | 0.810 | 0.717 | 0.609 | 
184/1000: 0.962 | 0.881 | 0.805 | 0.714 | 0.605 | 
185/1000: 0.962 | 0.882 | 0.806 | 0.715 | 0.608 | 
186/1000: 0.963 | 0.882 | 0.807 | 0.717 | 0.610 | 
187/1000: 0.963 | 0.883 | 0.809 | 0.713 | 0.606 | 
188/1000: 0.963 | 0.884 | 0.810 | 0.714 | 0.608 | 
189/1000: 0.963 | 0.884 | 0.811 | 0.716 | 0.611 | 
190/1000: 0.963 | 0.885 | 0.812 | 0.717 | 0.613 | 
191/1000: 0.964 | 0.885 | 0.812 | 0.719 | 0.615 | 
192/1000: 0.964 | 0.886 | 0.813 | 0.720 | 0.617 | 
193/1000: 0.964 | 0.887 | 0.814 | 0.722 | 0.619 | 
194/1000: 0.964 | 0.887 | 0.815 | 0.723 | 0.621 | 
195/1000: 0.964 | 0.888 | 0.816 | 0.724 | 0.622 | 
196/1000: 0.964 | 0.888 | 0.817 | 0.726 | 0.624 | 
197/1000: 0.965 | 0.889 | 0.818 | 0.727 | 0.626 | 
198/1000: 0.965 | 0.889 | 0.819 | 0.729 | 0.623 | 
199/1000: 0.965 | 0.890 | 0.820 | 0.730 | 0.625 | 
200/1000: 0.965 | 0.891 | 0.821 | 0.731 | 0.627 | 
201/1000: 0.965 | 0.891 | 0.822 | 0.733 | 0.629 | 
202/1000: 0.966 | 0.892 | 0.823 | 0.734 | 0.631 | 
203/1000: 0.966 | 0.892 | 0.824 | 0.735 | 0.632 | 
204/1000: 0.966 | 0.893 | 0.824 | 0.737 | 0.634 | 
205/1000: 0.966 | 0.893 | 0.825 | 0.738 | 0.636 | 
206/1000: 0.966 | 0.894 | 0.826 | 0.739 | 0.638 | 
207/1000: 0.966 | 0.894 | 0.827 | 0.740 | 0.639 | 
208/1000: 0.967 | 0.890 | 0.823 | 0.737 | 0.636 | 
209/1000: 0.967 | 0.890 | 0.824 | 0.738 | 0.638 | 
210/1000: 0.967 | 0.891 | 0.825 | 0.739 | 0.640 | 
211/1000: 0.967 | 0.892 | 0.821 | 0.736 | 0.637 | 
212/1000: 0.967 | 0.892 | 0.822 | 0.732 | 0.634 | 
213/1000: 0.967 | 0.893 | 0.822 | 0.734 | 0.636 | 
214/1000: 0.967 | 0.893 | 0.823 | 0.735 | 0.637 | 
215/1000: 0.968 | 0.894 | 0.824 | 0.736 | 0.639 | 
216/1000: 0.968 | 0.894 | 0.825 | 0.737 | 0.641 | 
217/1000: 0.968 | 0.894 | 0.826 | 0.739 | 0.642 | 
218/1000: 0.968 | 0.895 | 0.826 | 0.740 | 0.644 | 
219/1000: 0.968 | 0.895 | 0.827 | 0.741 | 0.641 | 
220/1000: 0.968 | 0.896 | 0.828 | 0.742 | 0.643 | 
221/1000: 0.968 | 0.896 | 0.829 | 0.743 | 0.644 | 
222/1000: 0.969 | 0.897 | 0.830 | 0.744 | 0.646 | 
223/1000: 0.969 | 0.897 | 0.830 | 0.746 | 0.647 | 
224/1000: 0.969 | 0.898 | 0.831 | 0.742 | 0.644 | 
225/1000: 0.969 | 0.898 | 0.832 | 0.743 | 0.646 | 
226/1000: 0.969 | 0.899 | 0.833 | 0.744 | 0.648 | 
227/1000: 0.969 | 0.899 | 0.833 | 0.746 | 0.649 | 
228/1000: 0.969 | 0.900 | 0.834 | 0.747 | 0.651 | 
229/1000: 0.970 | 0.900 | 0.835 | 0.748 | 0.652 | 
230/1000: 0.970 | 0.900 | 0.835 | 0.749 | 0.649 | 
231/1000: 0.970 | 0.901 | 0.836 | 0.750 | 0.651 | 
232/1000: 0.970 | 0.897 | 0.833 | 0.747 | 0.648 | 
233/1000: 0.970 | 0.897 | 0.833 | 0.748 | 0.650 | 
234/1000: 0.970 | 0.898 | 0.834 | 0.749 | 0.647 | 
235/1000: 0.970 | 0.894 | 0.831 | 0.746 | 0.644 | 
236/1000: 0.970 | 0.895 | 0.831 | 0.747 | 0.646 | 
237/1000: 0.971 | 0.895 | 0.832 | 0.748 | 0.647 | 
238/1000: 0.971 | 0.895 | 0.833 | 0.749 | 0.649 | 
239/1000: 0.971 | 0.896 | 0.833 | 0.750 | 0.650 | 
240/1000: 0.971 | 0.896 | 0.834 | 0.751 | 0.651 | 
241/1000: 0.971 | 0.897 | 0.835 | 0.752 | 0.653 | 
242/1000: 0.971 | 0.897 | 0.835 | 0.753 | 0.654 | 
243/1000: 0.971 | 0.898 | 0.836 | 0.754 | 0.656 | 
244/1000: 0.971 | 0.898 | 0.837 | 0.755 | 0.657 | 
245/1000: 0.972 | 0.898 | 0.837 | 0.756 | 0.659 | 
246/1000: 0.972 | 0.899 | 0.838 | 0.757 | 0.660 | 
247/1000: 0.972 | 0.899 | 0.839 | 0.758 | 0.661 | 
248/1000: 0.972 | 0.900 | 0.839 | 0.759 | 0.663 | 
249/1000: 0.972 | 0.900 | 0.840 | 0.760 | 0.664 | 
250/1000: 0.972 | 0.900 | 0.841 | 0.761 | 0.665 | 
251/1000: 0.972 | 0.901 | 0.841 | 0.762 | 0.667 | 
252/1000: 0.968 | 0.897 | 0.838 | 0.759 | 0.664 | 
253/1000: 0.969 | 0.898 | 0.839 | 0.760 | 0.665 | 
254/1000: 0.969 | 0.898 | 0.839 | 0.761 | 0.667 | 
255/1000: 0.969 | 0.898 | 0.840 | 0.758 | 0.664 | 
256/1000: 0.969 | 0.895 | 0.837 | 0.755 | 0.661 | 
257/1000: 0.969 | 0.895 | 0.837 | 0.752 | 0.659 | 
258/1000: 0.969 | 0.896 | 0.838 | 0.753 | 0.660 | 
259/1000: 0.969 | 0.896 | 0.838 | 0.754 | 0.662 | 
260/1000: 0.969 | 0.897 | 0.839 | 0.751 | 0.659 | 
261/1000: 0.969 | 0.897 | 0.840 | 0.748 | 0.656 | 
262/1000: 0.970 | 0.897 | 0.840 | 0.749 | 0.658 | 
263/1000: 0.970 | 0.898 | 0.841 | 0.750 | 0.659 | 
264/1000: 0.970 | 0.894 | 0.838 | 0.747 | 0.657 | 
265/1000: 0.970 | 0.895 | 0.838 | 0.748 | 0.654 | 
266/1000: 0.970 | 0.895 | 0.839 | 0.749 | 0.655 | 
267/1000: 0.970 | 0.896 | 0.836 | 0.746 | 0.653 | 
268/1000: 0.970 | 0.896 | 0.836 | 0.747 | 0.651 | 
269/1000: 0.970 | 0.896 | 0.837 | 0.748 | 0.652 | 
270/1000: 0.970 | 0.897 | 0.838 | 0.745 | 0.649 | 
271/1000: 0.971 | 0.897 | 0.838 | 0.746 | 0.651 | 
272/1000: 0.971 | 0.897 | 0.839 | 0.747 | 0.652 | 
273/1000: 0.971 | 0.898 | 0.839 | 0.748 | 0.653 | 
274/1000: 0.971 | 0.898 | 0.840 | 0.749 | 0.655 | 
275/1000: 0.971 | 0.899 | 0.841 | 0.750 | 0.656 | 
276/1000: 0.971 | 0.899 | 0.841 | 0.751 | 0.657 | 
277/1000: 0.971 | 0.896 | 0.838 | 0.748 | 0.655 | 
278/1000: 0.971 | 0.896 | 0.839 | 0.749 | 0.656 | 
279/1000: 0.971 | 0.896 | 0.839 | 0.746 | 0.654 | 
280/1000: 0.972 | 0.897 | 0.840 | 0.747 | 0.655 | 
281/1000: 0.972 | 0.897 | 0.840 | 0.748 | 0.656 | 
282/1000: 0.972 | 0.898 | 0.841 | 0.749 | 0.657 | 
283/1000: 0.972 | 0.898 | 0.842 | 0.750 | 0.658 | 
284/1000: 0.972 | 0.898 | 0.842 | 0.751 | 0.660 | 
285/1000: 0.972 | 0.899 | 0.843 | 0.752 | 0.661 | 
286/1000: 0.972 | 0.899 | 0.840 | 0.749 | 0.659 | 
287/1000: 0.972 | 0.899 | 0.840 | 0.750 | 0.660 | 
288/1000: 0.972 | 0.900 | 0.837 | 0.747 | 0.657 | 
289/1000: 0.972 | 0.900 | 0.838 | 0.748 | 0.659 | 
290/1000: 0.973 | 0.900 | 0.838 | 0.749 | 0.660 | 
291/1000: 0.973 | 0.901 | 0.839 | 0.750 | 0.661 | 
292/1000: 0.973 | 0.901 | 0.840 | 0.751 | 0.662 | 
293/1000: 0.973 | 0.901 | 0.840 | 0.748 | 0.660 | 
294/1000: 0.973 | 0.902 | 0.841 | 0.749 | 0.661 | 
295/1000: 0.973 | 0.902 | 0.841 | 0.747 | 0.659 | 
296/1000: 0.973 | 0.902 | 0.842 | 0.747 | 0.660 | 
297/1000: 0.973 | 0.903 | 0.842 | 0.748 | 0.661 | 
298/1000: 0.973 | 0.903 | 0.843 | 0.749 | 0.662 | 
299/1000: 0.973 | 0.903 | 0.843 | 0.750 | 0.663 | 
300/1000: 0.973 | 0.904 | 0.844 | 0.751 | 0.664 | 
301/1000: 0.974 | 0.904 | 0.844 | 0.752 | 0.666 | 
302/1000: 0.974 | 0.904 | 0.845 | 0.752 | 0.667 | 
303/1000: 0.974 | 0.905 | 0.842 | 0.750 | 0.664 | 
304/1000: 0.974 | 0.905 | 0.843 | 0.751 | 0.666 | 
305/1000: 0.974 | 0.905 | 0.843 | 0.752 | 0.667 | 
306/1000: 0.974 | 0.906 | 0.844 | 0.752 | 0.668 | 
307/1000: 0.974 | 0.906 | 0.844 | 0.753 | 0.669 | 
308/1000: 0.974 | 0.906 | 0.845 | 0.754 | 0.670 | 
309/1000: 0.974 | 0.906 | 0.845 | 0.755 | 0.671 | 
310/1000: 0.974 | 0.907 | 0.846 | 0.756 | 0.672 | 
311/1000: 0.974 | 0.907 | 0.846 | 0.756 | 0.673 | 
312/1000: 0.974 | 0.907 | 0.847 | 0.757 | 0.671 | 
313/1000: 0.975 | 0.908 | 0.847 | 0.758 | 0.672 | 
314/1000: 0.975 | 0.908 | 0.848 | 0.759 | 0.673 | 
315/1000: 0.972 | 0.905 | 0.845 | 0.756 | 0.671 | 
316/1000: 0.972 | 0.905 | 0.845 | 0.757 | 0.672 | 
317/1000: 0.972 | 0.906 | 0.846 | 0.758 | 0.673 | 
318/1000: 0.972 | 0.906 | 0.846 | 0.759 | 0.674 | 
319/1000: 0.972 | 0.906 | 0.847 | 0.759 | 0.675 | 
320/1000: 0.972 | 0.907 | 0.847 | 0.760 | 0.676 | 
321/1000: 0.972 | 0.907 | 0.848 | 0.761 | 0.677 | 
322/1000: 0.969 | 0.904 | 0.845 | 0.759 | 0.675 | 
323/1000: 0.969 | 0.904 | 0.846 | 0.759 | 0.676 | 
324/1000: 0.969 | 0.905 | 0.846 | 0.757 | 0.674 | 
325/1000: 0.969 | 0.905 | 0.847 | 0.758 | 0.675 | 
326/1000: 0.969 | 0.905 | 0.847 | 0.758 | 0.676 | 
327/1000: 0.970 | 0.905 | 0.848 | 0.759 | 0.674 | 
328/1000: 0.970 | 0.906 | 0.848 | 0.760 | 0.675 | 
329/1000: 0.970 | 0.903 | 0.845 | 0.758 | 0.673 | 
330/1000: 0.970 | 0.903 | 0.846 | 0.758 | 0.674 | 
331/1000: 0.970 | 0.904 | 0.846 | 0.756 | 0.672 | 
332/1000: 0.970 | 0.904 | 0.847 | 0.757 | 0.673 | 
333/1000: 0.970 | 0.904 | 0.847 | 0.757 | 0.674 | 
334/1000: 0.970 | 0.904 | 0.848 | 0.758 | 0.675 | 
335/1000: 0.970 | 0.905 | 0.848 | 0.759 | 0.676 | 
336/1000: 0.970 | 0.905 | 0.849 | 0.760 | 0.677 | 
337/1000: 0.970 | 0.905 | 0.849 | 0.760 | 0.675 | 
338/1000: 0.971 | 0.906 | 0.847 | 0.758 | 0.673 | 
339/1000: 0.971 | 0.906 | 0.847 | 0.759 | 0.674 | 
340/1000: 0.971 | 0.906 | 0.848 | 0.760 | 0.674 | 
341/1000: 0.971 | 0.906 | 0.848 | 0.760 | 0.675 | 
342/1000: 0.971 | 0.907 | 0.848 | 0.761 | 0.676 | 
343/1000: 0.971 | 0.907 | 0.849 | 0.762 | 0.677 | 
344/1000: 0.971 | 0.907 | 0.849 | 0.762 | 0.678 | 
345/1000: 0.971 | 0.908 | 0.850 | 0.760 | 0.676 | 
346/1000: 0.971 | 0.908 | 0.850 | 0.761 | 0.677 | 
347/1000: 0.971 | 0.905 | 0.848 | 0.759 | 0.675 | 
348/1000: 0.971 | 0.903 | 0.845 | 0.756 | 0.673 | 
349/1000: 0.971 | 0.903 | 0.846 | 0.754 | 0.671 | 
350/1000: 0.972 | 0.903 | 0.846 | 0.755 | 0.672 | 
351/1000: 0.972 | 0.903 | 0.847 | 0.756 | 0.673 | 
352/1000: 0.972 | 0.904 | 0.847 | 0.756 | 0.674 | 
353/1000: 0.972 | 0.904 | 0.847 | 0.757 | 0.675 | 
354/1000: 0.972 | 0.904 | 0.848 | 0.758 | 0.676 | 
355/1000: 0.972 | 0.904 | 0.848 | 0.756 | 0.674 | 
356/1000: 0.972 | 0.905 | 0.849 | 0.756 | 0.675 | 
357/1000: 0.972 | 0.905 | 0.849 | 0.757 | 0.676 | 
358/1000: 0.972 | 0.905 | 0.850 | 0.758 | 0.677 | 
359/1000: 0.972 | 0.906 | 0.850 | 0.758 | 0.678 | 
360/1000: 0.972 | 0.906 | 0.850 | 0.759 | 0.679 | 
361/1000: 0.972 | 0.906 | 0.851 | 0.760 | 0.677 | 
362/1000: 0.972 | 0.906 | 0.851 | 0.760 | 0.675 | 
363/1000: 0.973 | 0.907 | 0.852 | 0.761 | 0.676 | 
364/1000: 0.973 | 0.907 | 0.852 | 0.762 | 0.677 | 
365/1000: 0.973 | 0.907 | 0.852 | 0.762 | 0.678 | 
366/1000: 0.973 | 0.907 | 0.853 | 0.763 | 0.676 | 
367/1000: 0.973 | 0.908 | 0.851 | 0.761 | 0.674 | 
368/1000: 0.973 | 0.908 | 0.851 | 0.762 | 0.675 | 
369/1000: 0.973 | 0.908 | 0.851 | 0.762 | 0.676 | 
370/1000: 0.973 | 0.908 | 0.852 | 0.763 | 0.677 | 
371/1000: 0.973 | 0.909 | 0.852 | 0.763 | 0.675 | 
372/1000: 0.973 | 0.909 | 0.853 | 0.764 | 0.673 | 
373/1000: 0.973 | 0.909 | 0.853 | 0.765 | 0.674 | 
374/1000: 0.973 | 0.909 | 0.853 | 0.765 | 0.675 | 
375/1000: 0.973 | 0.910 | 0.851 | 0.763 | 0.673 | 
376/1000: 0.973 | 0.910 | 0.849 | 0.761 | 0.671 | 
377/1000: 0.974 | 0.910 | 0.849 | 0.762 | 0.672 | 
378/1000: 0.974 | 0.910 | 0.850 | 0.760 | 0.670 | 
379/1000: 0.974 | 0.908 | 0.847 | 0.758 | 0.668 | 
380/1000: 0.974 | 0.908 | 0.848 | 0.759 | 0.669 | 
381/1000: 0.974 | 0.908 | 0.848 | 0.759 | 0.670 | 
382/1000: 0.974 | 0.909 | 0.849 | 0.760 | 0.671 | 
383/1000: 0.974 | 0.909 | 0.846 | 0.758 | 0.669 | 
384/1000: 0.974 | 0.909 | 0.847 | 0.758 | 0.670 | 
385/1000: 0.974 | 0.909 | 0.847 | 0.759 | 0.671 | 
386/1000: 0.974 | 0.907 | 0.845 | 0.757 | 0.669 | 
387/1000: 0.974 | 0.907 | 0.845 | 0.758 | 0.670 | 
388/1000: 0.974 | 0.907 | 0.846 | 0.758 | 0.671 | 
389/1000: 0.974 | 0.908 | 0.844 | 0.756 | 0.669 | 
390/1000: 0.974 | 0.908 | 0.844 | 0.757 | 0.670 | 
391/1000: 0.974 | 0.908 | 0.842 | 0.755 | 0.668 | 
392/1000: 0.975 | 0.908 | 0.840 | 0.753 | 0.667 | 
393/1000: 0.975 | 0.909 | 0.838 | 0.751 | 0.665 | 
394/1000: 0.975 | 0.909 | 0.838 | 0.752 | 0.666 | 
395/1000: 0.975 | 0.909 | 0.838 | 0.753 | 0.664 | 
396/1000: 0.975 | 0.909 | 0.839 | 0.753 | 0.665 | 
397/1000: 0.975 | 0.910 | 0.839 | 0.754 | 0.663 | 
398/1000: 0.975 | 0.910 | 0.840 | 0.754 | 0.664 | 
399/1000: 0.975 | 0.910 | 0.840 | 0.755 | 0.665 | 
400/1000: 0.975 | 0.910 | 0.840 | 0.756 | 0.666 | 
401/1000: 0.975 | 0.910 | 0.838 | 0.754 | 0.664 | 
402/1000: 0.973 | 0.908 | 0.836 | 0.752 | 0.663 | 
403/1000: 0.973 | 0.908 | 0.837 | 0.752 | 0.663 | 
404/1000: 0.973 | 0.909 | 0.837 | 0.751 | 0.662 | 
405/1000: 0.973 | 0.909 | 0.837 | 0.751 | 0.663 | 
406/1000: 0.973 | 0.909 | 0.838 | 0.752 | 0.663 | 
407/1000: 0.973 | 0.909 | 0.838 | 0.752 | 0.662 | 
408/1000: 0.973 | 0.910 | 0.836 | 0.751 | 0.660 | 
409/1000: 0.973 | 0.910 | 0.837 | 0.751 | 0.661 | 
410/1000: 0.973 | 0.910 | 0.837 | 0.752 | 0.662 | 
411/1000: 0.973 | 0.910 | 0.837 | 0.752 | 0.663 | 
412/1000: 0.973 | 0.910 | 0.838 | 0.753 | 0.663 | 
413/1000: 0.973 | 0.911 | 0.838 | 0.754 | 0.664 | 
414/1000: 0.973 | 0.908 | 0.836 | 0.752 | 0.663 | 
415/1000: 0.974 | 0.909 | 0.837 | 0.752 | 0.663 | 
416/1000: 0.974 | 0.909 | 0.837 | 0.753 | 0.664 | 
417/1000: 0.974 | 0.909 | 0.837 | 0.754 | 0.665 | 
418/1000: 0.974 | 0.909 | 0.838 | 0.754 | 0.666 | 
419/1000: 0.974 | 0.910 | 0.838 | 0.755 | 0.667 | 
420/1000: 0.974 | 0.910 | 0.836 | 0.753 | 0.665 | 
421/1000: 0.974 | 0.910 | 0.836 | 0.754 | 0.666 | 
422/1000: 0.974 | 0.910 | 0.837 | 0.754 | 0.667 | 
423/1000: 0.974 | 0.910 | 0.837 | 0.755 | 0.667 | 
424/1000: 0.974 | 0.911 | 0.838 | 0.755 | 0.668 | 
425/1000: 0.974 | 0.911 | 0.838 | 0.756 | 0.669 | 
426/1000: 0.974 | 0.911 | 0.838 | 0.756 | 0.670 | 
427/1000: 0.974 | 0.911 | 0.839 | 0.755 | 0.668 | 
428/1000: 0.974 | 0.911 | 0.839 | 0.755 | 0.669 | 
429/1000: 0.974 | 0.912 | 0.840 | 0.756 | 0.670 | 
430/1000: 0.974 | 0.912 | 0.840 | 0.754 | 0.668 | 
431/1000: 0.975 | 0.912 | 0.840 | 0.755 | 0.669 | 
432/1000: 0.975 | 0.912 | 0.841 | 0.755 | 0.670 | 
433/1000: 0.975 | 0.912 | 0.841 | 0.756 | 0.671 | 
434/1000: 0.975 | 0.913 | 0.841 | 0.756 | 0.671 | 
435/1000: 0.975 | 0.913 | 0.842 | 0.757 | 0.672 | 
436/1000: 0.975 | 0.913 | 0.842 | 0.757 | 0.673 | 
437/1000: 0.975 | 0.913 | 0.842 | 0.758 | 0.674 | 
438/1000: 0.975 | 0.913 | 0.843 | 0.759 | 0.674 | 
439/1000: 0.975 | 0.914 | 0.843 | 0.759 | 0.675 | 
440/1000: 0.975 | 0.914 | 0.844 | 0.757 | 0.673 | 
441/1000: 0.975 | 0.914 | 0.844 | 0.758 | 0.674 | 
442/1000: 0.975 | 0.914 | 0.844 | 0.758 | 0.675 | 
443/1000: 0.975 | 0.914 | 0.845 | 0.757 | 0.673 | 
444/1000: 0.975 | 0.915 | 0.845 | 0.757 | 0.674 | 
445/1000: 0.975 | 0.915 | 0.845 | 0.758 | 0.675 | 
446/1000: 0.975 | 0.915 | 0.846 | 0.758 | 0.673 | 
447/1000: 0.975 | 0.915 | 0.846 | 0.759 | 0.674 | 
448/1000: 0.976 | 0.915 | 0.846 | 0.757 | 0.673 | 
449/1000: 0.976 | 0.916 | 0.847 | 0.758 | 0.673 | 
450/1000: 0.976 | 0.916 | 0.847 | 0.758 | 0.674 | 
451/1000: 0.973 | 0.914 | 0.845 | 0.757 | 0.673 | 
452/1000: 0.974 | 0.914 | 0.845 | 0.757 | 0.673 | 
453/1000: 0.974 | 0.914 | 0.846 | 0.758 | 0.674 | 
454/1000: 0.974 | 0.914 | 0.846 | 0.758 | 0.673 | 
455/1000: 0.974 | 0.914 | 0.846 | 0.759 | 0.673 | 
456/1000: 0.974 | 0.915 | 0.847 | 0.759 | 0.674 | 
457/1000: 0.974 | 0.915 | 0.847 | 0.760 | 0.675 | 
458/1000: 0.974 | 0.915 | 0.847 | 0.760 | 0.675 | 
459/1000: 0.974 | 0.915 | 0.848 | 0.761 | 0.676 | 
460/1000: 0.974 | 0.915 | 0.846 | 0.759 | 0.675 | 
461/1000: 0.974 | 0.916 | 0.846 | 0.760 | 0.675 | 
462/1000: 0.974 | 0.916 | 0.847 | 0.760 | 0.676 | 
463/1000: 0.974 | 0.916 | 0.847 | 0.761 | 0.675 | 
464/1000: 0.974 | 0.916 | 0.847 | 0.761 | 0.675 | 
465/1000: 0.974 | 0.916 | 0.848 | 0.760 | 0.674 | 
466/1000: 0.974 | 0.916 | 0.848 | 0.760 | 0.675 | 
467/1000: 0.974 | 0.917 | 0.846 | 0.759 | 0.673 | 
468/1000: 0.974 | 0.917 | 0.844 | 0.757 | 0.672 | 
469/1000: 0.974 | 0.917 | 0.845 | 0.757 | 0.672 | 
470/1000: 0.975 | 0.917 | 0.845 | 0.758 | 0.673 | 
471/1000: 0.975 | 0.917 | 0.845 | 0.758 | 0.674 | 
472/1000: 0.975 | 0.918 | 0.846 | 0.759 | 0.674 | 
473/1000: 0.975 | 0.918 | 0.846 | 0.757 | 0.673 | 
474/1000: 0.975 | 0.918 | 0.846 | 0.758 | 0.672 | 
475/1000: 0.973 | 0.916 | 0.845 | 0.756 | 0.670 | 
476/1000: 0.973 | 0.916 | 0.845 | 0.757 | 0.671 | 
477/1000: 0.973 | 0.916 | 0.845 | 0.755 | 0.669 | 
478/1000: 0.973 | 0.916 | 0.846 | 0.756 | 0.670 | 
479/1000: 0.973 | 0.917 | 0.846 | 0.756 | 0.669 | 
480/1000: 0.973 | 0.917 | 0.846 | 0.757 | 0.669 | 
481/1000: 0.973 | 0.917 | 0.846 | 0.755 | 0.668 | 
482/1000: 0.973 | 0.917 | 0.847 | 0.756 | 0.669 | 
483/1000: 0.973 | 0.917 | 0.847 | 0.756 | 0.669 | 
484/1000: 0.973 | 0.915 | 0.845 | 0.755 | 0.668 | 
485/1000: 0.973 | 0.916 | 0.846 | 0.755 | 0.669 | 
486/1000: 0.973 | 0.916 | 0.846 | 0.756 | 0.669 | 
487/1000: 0.973 | 0.916 | 0.846 | 0.756 | 0.670 | 
488/1000: 0.973 | 0.916 | 0.847 | 0.757 | 0.671 | 
489/1000: 0.973 | 0.914 | 0.845 | 0.755 | 0.669 | 
490/1000: 0.974 | 0.914 | 0.845 | 0.756 | 0.670 | 
491/1000: 0.974 | 0.915 | 0.846 | 0.756 | 0.671 | 
492/1000: 0.974 | 0.915 | 0.846 | 0.757 | 0.671 | 
493/1000: 0.974 | 0.915 | 0.846 | 0.757 | 0.672 | 
494/1000: 0.974 | 0.915 | 0.846 | 0.758 | 0.673 | 
495/1000: 0.974 | 0.915 | 0.847 | 0.758 | 0.671 | 
496/1000: 0.974 | 0.915 | 0.847 | 0.759 | 0.672 | 
497/1000: 0.974 | 0.916 | 0.847 | 0.759 | 0.673 | 
498/1000: 0.974 | 0.916 | 0.846 | 0.758 | 0.671 | 
499/1000: 0.974 | 0.916 | 0.844 | 0.756 | 0.670 | 
500/1000: 0.972 | 0.914 | 0.842 | 0.754 | 0.669 | 
501/1000: 0.972 | 0.914 | 0.841 | 0.753 | 0.667 | 
502/1000: 0.972 | 0.915 | 0.841 | 0.753 | 0.666 | 
503/1000: 0.972 | 0.915 | 0.841 | 0.752 | 0.665 | 
504/1000: 0.972 | 0.915 | 0.842 | 0.752 | 0.665 | 
505/1000: 0.972 | 0.915 | 0.842 | 0.751 | 0.664 | 
506/1000: 0.972 | 0.915 | 0.842 | 0.751 | 0.665 | 
507/1000: 0.972 | 0.915 | 0.843 | 0.752 | 0.663 | 
508/1000: 0.972 | 0.916 | 0.843 | 0.752 | 0.664 | 
509/1000: 0.973 | 0.916 | 0.843 | 0.753 | 0.665 | 
510/1000: 0.973 | 0.916 | 0.843 | 0.753 | 0.665 | 
511/1000: 0.971 | 0.914 | 0.842 | 0.752 | 0.664 | 
512/1000: 0.971 | 0.912 | 0.840 | 0.750 | 0.663 | 
513/1000: 0.971 | 0.912 | 0.840 | 0.751 | 0.663 | 
514/1000: 0.971 | 0.913 | 0.841 | 0.751 | 0.664 | 
515/1000: 0.971 | 0.913 | 0.841 | 0.752 | 0.665 | 
516/1000: 0.971 | 0.913 | 0.841 | 0.752 | 0.665 | 
517/1000: 0.971 | 0.913 | 0.842 | 0.753 | 0.666 | 
518/1000: 0.971 | 0.913 | 0.842 | 0.753 | 0.667 | 
519/1000: 0.971 | 0.913 | 0.842 | 0.752 | 0.665 | 
520/1000: 0.971 | 0.912 | 0.841 | 0.750 | 0.664 | 
521/1000: 0.971 | 0.912 | 0.841 | 0.751 | 0.665 | 
522/1000: 0.971 | 0.912 | 0.841 | 0.751 | 0.665 | 
523/1000: 0.971 | 0.912 | 0.842 | 0.752 | 0.666 | 
524/1000: 0.971 | 0.912 | 0.840 | 0.750 | 0.665 | 
525/1000: 0.971 | 0.913 | 0.840 | 0.751 | 0.663 | 
526/1000: 0.972 | 0.913 | 0.841 | 0.750 | 0.662 | 
527/1000: 0.972 | 0.913 | 0.841 | 0.750 | 0.663 | 
528/1000: 0.972 | 0.913 | 0.841 | 0.750 | 0.664 | 
529/1000: 0.972 | 0.913 | 0.842 | 0.749 | 0.662 | 
530/1000: 0.972 | 0.913 | 0.842 | 0.748 | 0.661 | 
531/1000: 0.972 | 0.914 | 0.842 | 0.748 | 0.662 | 
532/1000: 0.970 | 0.912 | 0.841 | 0.747 | 0.660 | 
533/1000: 0.970 | 0.912 | 0.841 | 0.747 | 0.659 | 
534/1000: 0.970 | 0.912 | 0.841 | 0.748 | 0.660 | 
535/1000: 0.970 | 0.912 | 0.841 | 0.746 | 0.659 | 
536/1000: 0.970 | 0.912 | 0.842 | 0.747 | 0.659 | 
537/1000: 0.970 | 0.913 | 0.842 | 0.747 | 0.658 | 
538/1000: 0.970 | 0.913 | 0.842 | 0.748 | 0.657 | 
539/1000: 0.970 | 0.913 | 0.843 | 0.748 | 0.657 | 
540/1000: 0.970 | 0.913 | 0.843 | 0.749 | 0.658 | 
541/1000: 0.970 | 0.913 | 0.843 | 0.749 | 0.659 | 
542/1000: 0.971 | 0.913 | 0.843 | 0.750 | 0.659 | 
543/1000: 0.971 | 0.914 | 0.842 | 0.748 | 0.658 | 
544/1000: 0.971 | 0.914 | 0.842 | 0.749 | 0.659 | 
545/1000: 0.971 | 0.914 | 0.842 | 0.749 | 0.659 | 
546/1000: 0.969 | 0.912 | 0.841 | 0.748 | 0.658 | 
547/1000: 0.969 | 0.912 | 0.841 | 0.748 | 0.659 | 
548/1000: 0.969 | 0.913 | 0.842 | 0.749 | 0.659 | 
549/1000: 0.969 | 0.913 | 0.842 | 0.749 | 0.660 | 
550/1000: 0.969 | 0.913 | 0.842 | 0.750 | 0.661 | 
551/1000: 0.969 | 0.913 | 0.842 | 0.750 | 0.661 | 
552/1000: 0.969 | 0.913 | 0.843 | 0.750 | 0.662 | 
553/1000: 0.969 | 0.913 | 0.843 | 0.751 | 0.662 | 
554/1000: 0.969 | 0.914 | 0.843 | 0.751 | 0.663 | 
555/1000: 0.969 | 0.914 | 0.842 | 0.750 | 0.662 | 
556/1000: 0.969 | 0.914 | 0.842 | 0.750 | 0.662 | 
557/1000: 0.970 | 0.914 | 0.842 | 0.751 | 0.661 | 
558/1000: 0.970 | 0.914 | 0.843 | 0.751 | 0.662 | 
559/1000: 0.970 | 0.914 | 0.843 | 0.750 | 0.661 | 
560/1000: 0.970 | 0.914 | 0.843 | 0.750 | 0.661 | 
561/1000: 0.970 | 0.913 | 0.842 | 0.749 | 0.660 | 
562/1000: 0.970 | 0.913 | 0.842 | 0.750 | 0.661 | 
563/1000: 0.970 | 0.913 | 0.842 | 0.750 | 0.661 | 
564/1000: 0.970 | 0.913 | 0.842 | 0.749 | 0.660 | 
565/1000: 0.970 | 0.913 | 0.843 | 0.749 | 0.661 | 
566/1000: 0.970 | 0.914 | 0.843 | 0.750 | 0.661 | 
567/1000: 0.970 | 0.914 | 0.843 | 0.750 | 0.662 | 
568/1000: 0.970 | 0.914 | 0.844 | 0.750 | 0.663 | 
569/1000: 0.970 | 0.914 | 0.844 | 0.751 | 0.663 | 
570/1000: 0.970 | 0.914 | 0.844 | 0.751 | 0.662 | 
571/1000: 0.970 | 0.914 | 0.843 | 0.750 | 0.661 | 
572/1000: 0.970 | 0.914 | 0.843 | 0.750 | 0.661 | 
573/1000: 0.970 | 0.913 | 0.841 | 0.749 | 0.660 | 
574/1000: 0.970 | 0.913 | 0.842 | 0.748 | 0.659 | 
575/1000: 0.970 | 0.913 | 0.842 | 0.748 | 0.658 | 
576/1000: 0.971 | 0.913 | 0.842 | 0.749 | 0.659 | 
577/1000: 0.971 | 0.913 | 0.843 | 0.749 | 0.659 | 
578/1000: 0.971 | 0.914 | 0.843 | 0.750 | 0.660 | 
579/1000: 0.971 | 0.912 | 0.841 | 0.748 | 0.659 | 
580/1000: 0.971 | 0.912 | 0.842 | 0.749 | 0.659 | 
581/1000: 0.971 | 0.912 | 0.842 | 0.749 | 0.660 | 
582/1000: 0.971 | 0.913 | 0.842 | 0.750 | 0.660 | 
583/1000: 0.971 | 0.913 | 0.842 | 0.750 | 0.659 | 
584/1000: 0.971 | 0.913 | 0.843 | 0.750 | 0.660 | 
585/1000: 0.971 | 0.911 | 0.841 | 0.749 | 0.659 | 
586/1000: 0.971 | 0.911 | 0.842 | 0.750 | 0.659 | 
587/1000: 0.971 | 0.912 | 0.842 | 0.750 | 0.660 | 
588/1000: 0.969 | 0.910 | 0.840 | 0.749 | 0.659 | 
589/1000: 0.969 | 0.910 | 0.839 | 0.747 | 0.658 | 
590/1000: 0.970 | 0.910 | 0.839 | 0.748 | 0.658 | 
591/1000: 0.970 | 0.909 | 0.838 | 0.747 | 0.657 | 
592/1000: 0.970 | 0.909 | 0.838 | 0.747 | 0.658 | 
593/1000: 0.970 | 0.909 | 0.838 | 0.746 | 0.657 | 
594/1000: 0.970 | 0.909 | 0.839 | 0.746 | 0.657 | 
595/1000: 0.970 | 0.909 | 0.839 | 0.747 | 0.656 | 
596/1000: 0.970 | 0.910 | 0.839 | 0.745 | 0.655 | 
597/1000: 0.970 | 0.910 | 0.839 | 0.746 | 0.656 | 
598/1000: 0.970 | 0.910 | 0.840 | 0.746 | 0.656 | 
599/1000: 0.970 | 0.910 | 0.840 | 0.747 | 0.655 | 
600/1000: 0.970 | 0.908 | 0.839 | 0.745 | 0.654 | 
601/1000: 0.970 | 0.909 | 0.839 | 0.746 | 0.654 | 
602/1000: 0.970 | 0.909 | 0.839 | 0.746 | 0.655 | 
603/1000: 0.970 | 0.909 | 0.839 | 0.747 | 0.656 | 
604/1000: 0.970 | 0.909 | 0.840 | 0.747 | 0.656 | 
605/1000: 0.970 | 0.909 | 0.838 | 0.746 | 0.655 | 
606/1000: 0.970 | 0.909 | 0.839 | 0.746 | 0.654 | 
607/1000: 0.970 | 0.910 | 0.839 | 0.747 | 0.655 | 
608/1000: 0.970 | 0.910 | 0.839 | 0.747 | 0.655 | 
609/1000: 0.970 | 0.910 | 0.839 | 0.748 | 0.656 | 
610/1000: 0.971 | 0.910 | 0.840 | 0.748 | 0.656 | 
611/1000: 0.971 | 0.910 | 0.840 | 0.748 | 0.657 | 
612/1000: 0.971 | 0.910 | 0.840 | 0.749 | 0.656 | 
613/1000: 0.971 | 0.910 | 0.840 | 0.748 | 0.655 | 
614/1000: 0.971 | 0.911 | 0.841 | 0.748 | 0.654 | 
615/1000: 0.971 | 0.911 | 0.841 | 0.748 | 0.654 | 
616/1000: 0.971 | 0.911 | 0.841 | 0.747 | 0.653 | 
617/1000: 0.971 | 0.911 | 0.841 | 0.746 | 0.652 | 
618/1000: 0.971 | 0.911 | 0.842 | 0.746 | 0.653 | 
619/1000: 0.971 | 0.911 | 0.842 | 0.747 | 0.653 | 
620/1000: 0.971 | 0.911 | 0.842 | 0.747 | 0.652 | 
621/1000: 0.971 | 0.912 | 0.842 | 0.748 | 0.653 | 
622/1000: 0.971 | 0.912 | 0.843 | 0.748 | 0.653 | 
623/1000: 0.971 | 0.912 | 0.843 | 0.748 | 0.654 | 
624/1000: 0.971 | 0.912 | 0.843 | 0.749 | 0.654 | 
625/1000: 0.971 | 0.912 | 0.843 | 0.748 | 0.653 | 
626/1000: 0.970 | 0.911 | 0.842 | 0.746 | 0.652 | 
627/1000: 0.970 | 0.911 | 0.842 | 0.747 | 0.653 | 
628/1000: 0.970 | 0.911 | 0.843 | 0.747 | 0.653 | 
629/1000: 0.970 | 0.911 | 0.843 | 0.748 | 0.654 | 
630/1000: 0.970 | 0.911 | 0.843 | 0.748 | 0.655 | 
631/1000: 0.970 | 0.911 | 0.843 | 0.747 | 0.653 | 
632/1000: 0.970 | 0.912 | 0.844 | 0.747 | 0.654 | 
633/1000: 0.970 | 0.912 | 0.844 | 0.748 | 0.655 | 
634/1000: 0.970 | 0.912 | 0.844 | 0.748 | 0.655 | 
635/1000: 0.970 | 0.912 | 0.844 | 0.748 | 0.656 | 
636/1000: 0.970 | 0.912 | 0.845 | 0.749 | 0.656 | 
637/1000: 0.970 | 0.912 | 0.845 | 0.749 | 0.657 | 
638/1000: 0.970 | 0.912 | 0.845 | 0.750 | 0.657 | 
639/1000: 0.970 | 0.912 | 0.845 | 0.750 | 0.656 | 
640/1000: 0.970 | 0.913 | 0.844 | 0.749 | 0.655 | 
641/1000: 0.970 | 0.913 | 0.844 | 0.749 | 0.656 | 
642/1000: 0.970 | 0.913 | 0.844 | 0.750 | 0.656 | 
643/1000: 0.970 | 0.913 | 0.845 | 0.750 | 0.657 | 
644/1000: 0.971 | 0.912 | 0.843 | 0.749 | 0.656 | 
645/1000: 0.971 | 0.912 | 0.844 | 0.749 | 0.656 | 
646/1000: 0.971 | 0.912 | 0.842 | 0.748 | 0.655 | 
647/1000: 0.971 | 0.912 | 0.843 | 0.748 | 0.656 | 
648/1000: 0.971 | 0.912 | 0.843 | 0.749 | 0.656 | 
649/1000: 0.971 | 0.912 | 0.843 | 0.748 | 0.655 | 
650/1000: 0.971 | 0.912 | 0.843 | 0.748 | 0.656 | 
651/1000: 0.971 | 0.913 | 0.844 | 0.748 | 0.656 | 
652/1000: 0.971 | 0.913 | 0.844 | 0.749 | 0.657 | 
653/1000: 0.971 | 0.913 | 0.844 | 0.749 | 0.657 | 
654/1000: 0.971 | 0.913 | 0.844 | 0.750 | 0.658 | 
655/1000: 0.971 | 0.913 | 0.845 | 0.748 | 0.657 | 
656/1000: 0.971 | 0.913 | 0.845 | 0.747 | 0.656 | 
657/1000: 0.971 | 0.913 | 0.845 | 0.748 | 0.657 | 
658/1000: 0.971 | 0.912 | 0.844 | 0.747 | 0.656 | 
659/1000: 0.971 | 0.912 | 0.844 | 0.745 | 0.655 | 
660/1000: 0.971 | 0.912 | 0.844 | 0.746 | 0.655 | 
661/1000: 0.971 | 0.912 | 0.843 | 0.745 | 0.654 | 
662/1000: 0.971 | 0.913 | 0.843 | 0.745 | 0.653 | 
663/1000: 0.971 | 0.913 | 0.843 | 0.745 | 0.654 | 
664/1000: 0.971 | 0.913 | 0.844 | 0.746 | 0.654 | 
665/1000: 0.971 | 0.913 | 0.844 | 0.746 | 0.655 | 
666/1000: 0.972 | 0.913 | 0.844 | 0.747 | 0.655 | 
667/1000: 0.972 | 0.913 | 0.844 | 0.747 | 0.656 | 
668/1000: 0.972 | 0.913 | 0.845 | 0.747 | 0.656 | 
669/1000: 0.972 | 0.913 | 0.845 | 0.748 | 0.657 | 
670/1000: 0.972 | 0.914 | 0.845 | 0.748 | 0.657 | 
671/1000: 0.972 | 0.914 | 0.845 | 0.749 | 0.658 | 
672/1000: 0.972 | 0.914 | 0.845 | 0.749 | 0.658 | 
673/1000: 0.972 | 0.914 | 0.846 | 0.749 | 0.659 | 
674/1000: 0.972 | 0.914 | 0.846 | 0.750 | 0.659 | 
675/1000: 0.972 | 0.914 | 0.845 | 0.749 | 0.658 | 
676/1000: 0.972 | 0.913 | 0.843 | 0.747 | 0.657 | 
677/1000: 0.972 | 0.913 | 0.844 | 0.748 | 0.658 | 
678/1000: 0.972 | 0.913 | 0.844 | 0.748 | 0.658 | 
679/1000: 0.972 | 0.913 | 0.844 | 0.749 | 0.659 | 
680/1000: 0.972 | 0.913 | 0.844 | 0.749 | 0.659 | 
681/1000: 0.972 | 0.913 | 0.845 | 0.749 | 0.660 | 
682/1000: 0.972 | 0.914 | 0.845 | 0.748 | 0.659 | 
683/1000: 0.972 | 0.914 | 0.845 | 0.749 | 0.659 | 
684/1000: 0.972 | 0.914 | 0.845 | 0.747 | 0.658 | 
685/1000: 0.972 | 0.914 | 0.845 | 0.748 | 0.659 | 
686/1000: 0.972 | 0.914 | 0.844 | 0.747 | 0.658 | 
687/1000: 0.972 | 0.914 | 0.844 | 0.747 | 0.658 | 
688/1000: 0.972 | 0.914 | 0.843 | 0.746 | 0.657 | 
689/1000: 0.972 | 0.914 | 0.843 | 0.746 | 0.658 | 
690/1000: 0.973 | 0.915 | 0.844 | 0.747 | 0.658 | 
691/1000: 0.973 | 0.915 | 0.842 | 0.746 | 0.658 | 
692/1000: 0.973 | 0.915 | 0.843 | 0.746 | 0.658 | 
693/1000: 0.973 | 0.915 | 0.843 | 0.746 | 0.659 | 
694/1000: 0.973 | 0.915 | 0.843 | 0.747 | 0.659 | 
695/1000: 0.973 | 0.915 | 0.843 | 0.747 | 0.658 | 
696/1000: 0.973 | 0.915 | 0.844 | 0.747 | 0.659 | 
697/1000: 0.973 | 0.915 | 0.844 | 0.748 | 0.659 | 
698/1000: 0.973 | 0.916 | 0.844 | 0.748 | 0.660 | 
699/1000: 0.973 | 0.916 | 0.844 | 0.749 | 0.660 | 
700/1000: 0.973 | 0.916 | 0.845 | 0.749 | 0.660 | 
701/1000: 0.973 | 0.916 | 0.845 | 0.749 | 0.661 | 
702/1000: 0.973 | 0.916 | 0.845 | 0.750 | 0.661 | 
703/1000: 0.973 | 0.916 | 0.845 | 0.750 | 0.662 | 
704/1000: 0.973 | 0.915 | 0.844 | 0.749 | 0.661 | 
705/1000: 0.973 | 0.915 | 0.843 | 0.748 | 0.660 | 
706/1000: 0.973 | 0.915 | 0.843 | 0.748 | 0.661 | 
707/1000: 0.972 | 0.914 | 0.842 | 0.747 | 0.660 | 
708/1000: 0.972 | 0.914 | 0.842 | 0.748 | 0.660 | 
709/1000: 0.972 | 0.914 | 0.841 | 0.746 | 0.659 | 
710/1000: 0.972 | 0.913 | 0.840 | 0.745 | 0.658 | 
711/1000: 0.972 | 0.913 | 0.840 | 0.746 | 0.659 | 
712/1000: 0.972 | 0.913 | 0.840 | 0.746 | 0.659 | 
713/1000: 0.972 | 0.913 | 0.840 | 0.746 | 0.660 | 
714/1000: 0.972 | 0.913 | 0.841 | 0.747 | 0.660 | 
715/1000: 0.972 | 0.912 | 0.839 | 0.746 | 0.659 | 
716/1000: 0.972 | 0.912 | 0.840 | 0.746 | 0.660 | 
717/1000: 0.972 | 0.912 | 0.840 | 0.747 | 0.660 | 
718/1000: 0.972 | 0.912 | 0.840 | 0.747 | 0.661 | 
719/1000: 0.972 | 0.912 | 0.840 | 0.747 | 0.661 | 
720/1000: 0.972 | 0.913 | 0.840 | 0.748 | 0.662 | 
721/1000: 0.972 | 0.913 | 0.841 | 0.748 | 0.662 | 
722/1000: 0.972 | 0.913 | 0.841 | 0.748 | 0.663 | 
723/1000: 0.972 | 0.913 | 0.841 | 0.749 | 0.663 | 
724/1000: 0.972 | 0.913 | 0.841 | 0.749 | 0.663 | 
725/1000: 0.972 | 0.913 | 0.842 | 0.749 | 0.664 | 
726/1000: 0.972 | 0.913 | 0.842 | 0.750 | 0.664 | 
727/1000: 0.973 | 0.912 | 0.841 | 0.749 | 0.663 | 
728/1000: 0.973 | 0.912 | 0.841 | 0.749 | 0.664 | 
729/1000: 0.973 | 0.912 | 0.841 | 0.749 | 0.664 | 
730/1000: 0.973 | 0.912 | 0.841 | 0.750 | 0.665 | 
731/1000: 0.971 | 0.911 | 0.840 | 0.749 | 0.664 | 
732/1000: 0.971 | 0.911 | 0.840 | 0.749 | 0.664 | 
733/1000: 0.971 | 0.911 | 0.841 | 0.749 | 0.665 | 
734/1000: 0.971 | 0.912 | 0.841 | 0.750 | 0.665 | 
735/1000: 0.971 | 0.910 | 0.840 | 0.749 | 0.664 | 
736/1000: 0.972 | 0.909 | 0.839 | 0.748 | 0.664 | 
737/1000: 0.972 | 0.909 | 0.839 | 0.748 | 0.664 | 
738/1000: 0.972 | 0.909 | 0.839 | 0.748 | 0.664 | 
739/1000: 0.972 | 0.909 | 0.839 | 0.749 | 0.665 | 
740/1000: 0.972 | 0.910 | 0.839 | 0.749 | 0.665 | 
741/1000: 0.972 | 0.910 | 0.840 | 0.749 | 0.666 | 
742/1000: 0.972 | 0.910 | 0.840 | 0.750 | 0.666 | 
743/1000: 0.972 | 0.910 | 0.840 | 0.750 | 0.667 | 
744/1000: 0.972 | 0.910 | 0.840 | 0.750 | 0.667 | 
745/1000: 0.972 | 0.910 | 0.840 | 0.751 | 0.668 | 
746/1000: 0.972 | 0.910 | 0.841 | 0.751 | 0.668 | 
747/1000: 0.972 | 0.910 | 0.841 | 0.751 | 0.668 | 
748/1000: 0.972 | 0.911 | 0.841 | 0.752 | 0.669 | 
749/1000: 0.972 | 0.911 | 0.841 | 0.752 | 0.669 | 
750/1000: 0.972 | 0.911 | 0.842 | 0.752 | 0.670 | 
751/1000: 0.972 | 0.911 | 0.842 | 0.753 | 0.670 | 
752/1000: 0.972 | 0.911 | 0.842 | 0.753 | 0.669 | 
753/1000: 0.972 | 0.911 | 0.842 | 0.753 | 0.670 | 
754/1000: 0.972 | 0.911 | 0.842 | 0.754 | 0.670 | 
755/1000: 0.972 | 0.911 | 0.843 | 0.753 | 0.669 | 
756/1000: 0.972 | 0.911 | 0.843 | 0.753 | 0.670 | 
757/1000: 0.972 | 0.912 | 0.843 | 0.753 | 0.670 | 
758/1000: 0.972 | 0.912 | 0.843 | 0.754 | 0.671 | 
759/1000: 0.972 | 0.912 | 0.842 | 0.753 | 0.670 | 
760/1000: 0.971 | 0.911 | 0.841 | 0.752 | 0.669 | 
761/1000: 0.971 | 0.911 | 0.841 | 0.752 | 0.669 | 
762/1000: 0.971 | 0.911 | 0.841 | 0.752 | 0.670 | 
763/1000: 0.971 | 0.911 | 0.840 | 0.751 | 0.669 | 
764/1000: 0.971 | 0.911 | 0.841 | 0.752 | 0.669 | 
765/1000: 0.971 | 0.911 | 0.841 | 0.752 | 0.670 | 
766/1000: 0.971 | 0.911 | 0.841 | 0.752 | 0.670 | 
767/1000: 0.971 | 0.911 | 0.841 | 0.753 | 0.671 | 
768/1000: 0.971 | 0.912 | 0.841 | 0.753 | 0.671 | 
769/1000: 0.971 | 0.912 | 0.842 | 0.753 | 0.671 | 
770/1000: 0.971 | 0.912 | 0.842 | 0.754 | 0.671 | 
771/1000: 0.972 | 0.912 | 0.842 | 0.754 | 0.670 | 
772/1000: 0.972 | 0.912 | 0.842 | 0.754 | 0.670 | 
773/1000: 0.972 | 0.912 | 0.842 | 0.755 | 0.671 | 
774/1000: 0.972 | 0.911 | 0.841 | 0.754 | 0.670 | 
775/1000: 0.972 | 0.911 | 0.841 | 0.754 | 0.670 | 
776/1000: 0.972 | 0.911 | 0.842 | 0.754 | 0.671 | 
777/1000: 0.972 | 0.911 | 0.842 | 0.754 | 0.671 | 
778/1000: 0.972 | 0.911 | 0.842 | 0.755 | 0.671 | 
779/1000: 0.972 | 0.912 | 0.842 | 0.755 | 0.672 | 
780/1000: 0.972 | 0.910 | 0.841 | 0.754 | 0.671 | 
781/1000: 0.972 | 0.910 | 0.841 | 0.754 | 0.671 | 
782/1000: 0.972 | 0.911 | 0.842 | 0.755 | 0.672 | 
783/1000: 0.972 | 0.911 | 0.842 | 0.755 | 0.672 | 
784/1000: 0.972 | 0.911 | 0.842 | 0.755 | 0.671 | 
785/1000: 0.972 | 0.911 | 0.842 | 0.756 | 0.670 | 
786/1000: 0.972 | 0.911 | 0.842 | 0.756 | 0.671 | 
787/1000: 0.972 | 0.911 | 0.843 | 0.756 | 0.670 | 
788/1000: 0.972 | 0.911 | 0.843 | 0.757 | 0.670 | 
789/1000: 0.972 | 0.911 | 0.843 | 0.757 | 0.671 | 
790/1000: 0.972 | 0.912 | 0.843 | 0.757 | 0.671 | 
791/1000: 0.972 | 0.912 | 0.843 | 0.758 | 0.672 | 
792/1000: 0.972 | 0.910 | 0.842 | 0.757 | 0.671 | 
793/1000: 0.972 | 0.911 | 0.841 | 0.756 | 0.670 | 
794/1000: 0.971 | 0.909 | 0.840 | 0.755 | 0.669 | 
795/1000: 0.971 | 0.910 | 0.840 | 0.754 | 0.668 | 
796/1000: 0.971 | 0.910 | 0.841 | 0.754 | 0.669 | 
797/1000: 0.971 | 0.909 | 0.840 | 0.753 | 0.668 | 
798/1000: 0.971 | 0.907 | 0.839 | 0.752 | 0.667 | 
799/1000: 0.971 | 0.907 | 0.839 | 0.752 | 0.667 | 
800/1000: 0.971 | 0.908 | 0.839 | 0.753 | 0.668 | 
801/1000: 0.971 | 0.908 | 0.839 | 0.753 | 0.668 | 
802/1000: 0.971 | 0.908 | 0.839 | 0.753 | 0.669 | 
803/1000: 0.971 | 0.908 | 0.840 | 0.754 | 0.669 | 
804/1000: 0.971 | 0.908 | 0.840 | 0.754 | 0.670 | 
805/1000: 0.971 | 0.908 | 0.840 | 0.753 | 0.669 | 
806/1000: 0.971 | 0.908 | 0.840 | 0.753 | 0.669 | 
807/1000: 0.972 | 0.908 | 0.840 | 0.754 | 0.670 | 
808/1000: 0.972 | 0.909 | 0.841 | 0.754 | 0.670 | 
809/1000: 0.972 | 0.909 | 0.841 | 0.754 | 0.670 | 
810/1000: 0.972 | 0.909 | 0.841 | 0.755 | 0.671 | 
811/1000: 0.972 | 0.909 | 0.841 | 0.755 | 0.671 | 
812/1000: 0.972 | 0.909 | 0.841 | 0.755 | 0.672 | 
813/1000: 0.972 | 0.909 | 0.842 | 0.756 | 0.672 | 
814/1000: 0.972 | 0.908 | 0.840 | 0.755 | 0.671 | 
815/1000: 0.972 | 0.908 | 0.841 | 0.755 | 0.672 | 
816/1000: 0.972 | 0.908 | 0.841 | 0.755 | 0.672 | 
817/1000: 0.972 | 0.908 | 0.841 | 0.756 | 0.672 | 
818/1000: 0.972 | 0.908 | 0.841 | 0.756 | 0.673 | 
819/1000: 0.972 | 0.909 | 0.841 | 0.756 | 0.673 | 
820/1000: 0.972 | 0.909 | 0.842 | 0.756 | 0.674 | 
821/1000: 0.972 | 0.909 | 0.842 | 0.757 | 0.674 | 
822/1000: 0.972 | 0.909 | 0.842 | 0.757 | 0.674 | 
823/1000: 0.972 | 0.909 | 0.842 | 0.757 | 0.675 | 
824/1000: 0.972 | 0.909 | 0.842 | 0.758 | 0.675 | 
825/1000: 0.972 | 0.909 | 0.843 | 0.758 | 0.676 | 
826/1000: 0.972 | 0.909 | 0.843 | 0.758 | 0.676 | 
827/1000: 0.972 | 0.909 | 0.843 | 0.758 | 0.676 | 
828/1000: 0.972 | 0.910 | 0.843 | 0.759 | 0.677 | 
829/1000: 0.972 | 0.910 | 0.843 | 0.759 | 0.677 | 
830/1000: 0.972 | 0.909 | 0.842 | 0.758 | 0.676 | 
831/1000: 0.972 | 0.909 | 0.843 | 0.758 | 0.677 | 
832/1000: 0.972 | 0.909 | 0.842 | 0.758 | 0.676 | 
833/1000: 0.972 | 0.909 | 0.842 | 0.758 | 0.676 | 
834/1000: 0.972 | 0.909 | 0.842 | 0.758 | 0.677 | 
835/1000: 0.972 | 0.909 | 0.842 | 0.758 | 0.677 | 
836/1000: 0.973 | 0.909 | 0.842 | 0.759 | 0.677 | 
837/1000: 0.973 | 0.909 | 0.842 | 0.759 | 0.677 | 
838/1000: 0.973 | 0.909 | 0.843 | 0.759 | 0.677 | 
839/1000: 0.973 | 0.910 | 0.843 | 0.760 | 0.677 | 
840/1000: 0.973 | 0.910 | 0.843 | 0.759 | 0.677 | 
841/1000: 0.973 | 0.910 | 0.842 | 0.758 | 0.676 | 
842/1000: 0.973 | 0.910 | 0.842 | 0.757 | 0.675 | 
843/1000: 0.973 | 0.910 | 0.842 | 0.757 | 0.675 | 
844/1000: 0.973 | 0.910 | 0.843 | 0.757 | 0.676 | 
845/1000: 0.973 | 0.910 | 0.843 | 0.758 | 0.676 | 
846/1000: 0.973 | 0.910 | 0.843 | 0.758 | 0.677 | 
847/1000: 0.973 | 0.910 | 0.843 | 0.757 | 0.676 | 
848/1000: 0.973 | 0.910 | 0.843 | 0.757 | 0.676 | 
849/1000: 0.972 | 0.909 | 0.842 | 0.756 | 0.675 | 
850/1000: 0.972 | 0.910 | 0.843 | 0.757 | 0.676 | 
851/1000: 0.972 | 0.910 | 0.843 | 0.757 | 0.676 | 
852/1000: 0.972 | 0.910 | 0.843 | 0.757 | 0.676 | 
853/1000: 0.972 | 0.910 | 0.843 | 0.758 | 0.677 | 
854/1000: 0.972 | 0.909 | 0.842 | 0.757 | 0.676 | 
855/1000: 0.972 | 0.909 | 0.842 | 0.757 | 0.676 | 
856/1000: 0.972 | 0.908 | 0.841 | 0.756 | 0.676 | 
857/1000: 0.972 | 0.907 | 0.840 | 0.755 | 0.675 | 
858/1000: 0.972 | 0.907 | 0.841 | 0.756 | 0.674 | 
859/1000: 0.972 | 0.907 | 0.841 | 0.756 | 0.674 | 
860/1000: 0.972 | 0.906 | 0.840 | 0.755 | 0.674 | 
861/1000: 0.972 | 0.906 | 0.840 | 0.755 | 0.674 | 
862/1000: 0.972 | 0.906 | 0.840 | 0.756 | 0.674 | 
863/1000: 0.972 | 0.906 | 0.840 | 0.756 | 0.675 | 
864/1000: 0.972 | 0.906 | 0.840 | 0.756 | 0.675 | 
865/1000: 0.972 | 0.906 | 0.841 | 0.756 | 0.676 | 
866/1000: 0.972 | 0.907 | 0.841 | 0.757 | 0.676 | 
867/1000: 0.972 | 0.907 | 0.841 | 0.757 | 0.675 | 
868/1000: 0.972 | 0.907 | 0.841 | 0.757 | 0.675 | 
869/1000: 0.972 | 0.907 | 0.841 | 0.757 | 0.675 | 
870/1000: 0.972 | 0.907 | 0.842 | 0.758 | 0.675 | 
871/1000: 0.972 | 0.907 | 0.842 | 0.758 | 0.675 | 
872/1000: 0.973 | 0.907 | 0.842 | 0.758 | 0.676 | 
873/1000: 0.973 | 0.907 | 0.842 | 0.759 | 0.676 | 
874/1000: 0.973 | 0.907 | 0.842 | 0.759 | 0.677 | 
875/1000: 0.973 | 0.908 | 0.842 | 0.759 | 0.677 | 
876/1000: 0.973 | 0.908 | 0.843 | 0.758 | 0.676 | 
877/1000: 0.973 | 0.908 | 0.842 | 0.757 | 0.675 | 
878/1000: 0.973 | 0.908 | 0.842 | 0.758 | 0.675 | 
879/1000: 0.973 | 0.908 | 0.842 | 0.758 | 0.674 | 
880/1000: 0.973 | 0.908 | 0.841 | 0.757 | 0.673 | 
881/1000: 0.973 | 0.908 | 0.841 | 0.757 | 0.673 | 
882/1000: 0.973 | 0.908 | 0.841 | 0.758 | 0.674 | 
883/1000: 0.973 | 0.907 | 0.840 | 0.757 | 0.673 | 
884/1000: 0.973 | 0.907 | 0.841 | 0.756 | 0.672 | 
885/1000: 0.972 | 0.906 | 0.840 | 0.755 | 0.672 | 
886/1000: 0.972 | 0.906 | 0.840 | 0.755 | 0.672 | 
887/1000: 0.972 | 0.907 | 0.840 | 0.756 | 0.672 | 
888/1000: 0.972 | 0.907 | 0.840 | 0.756 | 0.673 | 
889/1000: 0.972 | 0.907 | 0.840 | 0.756 | 0.673 | 
890/1000: 0.972 | 0.907 | 0.841 | 0.756 | 0.673 | 
891/1000: 0.972 | 0.907 | 0.841 | 0.756 | 0.673 | 
892/1000: 0.972 | 0.907 | 0.841 | 0.756 | 0.672 | 
893/1000: 0.971 | 0.906 | 0.840 | 0.755 | 0.671 | 
894/1000: 0.971 | 0.906 | 0.840 | 0.755 | 0.672 | 
895/1000: 0.971 | 0.906 | 0.840 | 0.756 | 0.672 | 
896/1000: 0.971 | 0.906 | 0.841 | 0.756 | 0.672 | 
897/1000: 0.971 | 0.906 | 0.841 | 0.756 | 0.673 | 
898/1000: 0.971 | 0.907 | 0.841 | 0.756 | 0.673 | 
899/1000: 0.971 | 0.907 | 0.841 | 0.756 | 0.672 | 
900/1000: 0.971 | 0.907 | 0.841 | 0.756 | 0.673 | 
901/1000: 0.971 | 0.907 | 0.841 | 0.756 | 0.673 | 
902/1000: 0.971 | 0.907 | 0.842 | 0.756 | 0.673 | 
903/1000: 0.971 | 0.907 | 0.842 | 0.757 | 0.674 | 
904/1000: 0.971 | 0.907 | 0.842 | 0.757 | 0.674 | 
905/1000: 0.971 | 0.907 | 0.842 | 0.757 | 0.674 | 
906/1000: 0.971 | 0.907 | 0.842 | 0.757 | 0.675 | 
907/1000: 0.971 | 0.906 | 0.841 | 0.757 | 0.674 | 
908/1000: 0.971 | 0.905 | 0.840 | 0.756 | 0.673 | 
909/1000: 0.971 | 0.905 | 0.841 | 0.756 | 0.674 | 
910/1000: 0.971 | 0.906 | 0.841 | 0.756 | 0.674 | 
911/1000: 0.971 | 0.906 | 0.841 | 0.757 | 0.674 | 
912/1000: 0.972 | 0.906 | 0.841 | 0.757 | 0.675 | 
913/1000: 0.972 | 0.906 | 0.841 | 0.757 | 0.675 | 
914/1000: 0.972 | 0.906 | 0.842 | 0.757 | 0.675 | 
915/1000: 0.972 | 0.906 | 0.842 | 0.758 | 0.676 | 
916/1000: 0.972 | 0.906 | 0.842 | 0.758 | 0.676 | 
917/1000: 0.972 | 0.906 | 0.842 | 0.757 | 0.675 | 
918/1000: 0.972 | 0.906 | 0.841 | 0.756 | 0.675 | 
919/1000: 0.972 | 0.907 | 0.841 | 0.755 | 0.674 | 
920/1000: 0.972 | 0.906 | 0.840 | 0.755 | 0.673 | 
921/1000: 0.972 | 0.906 | 0.841 | 0.755 | 0.674 | 
922/1000: 0.972 | 0.906 | 0.841 | 0.754 | 0.673 | 
923/1000: 0.972 | 0.906 | 0.841 | 0.754 | 0.673 | 
924/1000: 0.972 | 0.906 | 0.841 | 0.755 | 0.674 | 
925/1000: 0.972 | 0.906 | 0.841 | 0.755 | 0.674 | 
926/1000: 0.972 | 0.906 | 0.841 | 0.755 | 0.674 | 
927/1000: 0.972 | 0.906 | 0.842 | 0.755 | 0.675 | 
928/1000: 0.972 | 0.906 | 0.842 | 0.756 | 0.675 | 
929/1000: 0.972 | 0.906 | 0.841 | 0.755 | 0.674 | 
930/1000: 0.972 | 0.907 | 0.841 | 0.755 | 0.675 | 
931/1000: 0.972 | 0.907 | 0.840 | 0.754 | 0.674 | 
932/1000: 0.972 | 0.907 | 0.840 | 0.755 | 0.673 | 
933/1000: 0.972 | 0.907 | 0.840 | 0.754 | 0.672 | 
934/1000: 0.972 | 0.907 | 0.841 | 0.754 | 0.673 | 
935/1000: 0.972 | 0.907 | 0.841 | 0.754 | 0.673 | 
936/1000: 0.972 | 0.907 | 0.841 | 0.755 | 0.673 | 
937/1000: 0.972 | 0.907 | 0.841 | 0.755 | 0.674 | 
938/1000: 0.972 | 0.906 | 0.840 | 0.754 | 0.673 | 
939/1000: 0.972 | 0.906 | 0.840 | 0.754 | 0.673 | 
940/1000: 0.972 | 0.906 | 0.841 | 0.755 | 0.674 | 
941/1000: 0.972 | 0.907 | 0.841 | 0.755 | 0.674 | 
942/1000: 0.972 | 0.907 | 0.841 | 0.755 | 0.674 | 
943/1000: 0.972 | 0.907 | 0.841 | 0.755 | 0.675 | 
944/1000: 0.972 | 0.907 | 0.841 | 0.756 | 0.675 | 
945/1000: 0.973 | 0.907 | 0.840 | 0.755 | 0.674 | 
946/1000: 0.973 | 0.907 | 0.841 | 0.755 | 0.675 | 
947/1000: 0.973 | 0.907 | 0.841 | 0.755 | 0.674 | 
948/1000: 0.973 | 0.907 | 0.841 | 0.756 | 0.674 | 
949/1000: 0.973 | 0.907 | 0.841 | 0.756 | 0.675 | 
950/1000: 0.973 | 0.907 | 0.841 | 0.755 | 0.674 | 
951/1000: 0.973 | 0.908 | 0.841 | 0.755 | 0.674 | 
952/1000: 0.973 | 0.908 | 0.841 | 0.754 | 0.674 | 
953/1000: 0.973 | 0.908 | 0.841 | 0.755 | 0.674 | 
954/1000: 0.973 | 0.908 | 0.841 | 0.755 | 0.673 | 
955/1000: 0.973 | 0.908 | 0.841 | 0.755 | 0.673 | 
956/1000: 0.973 | 0.908 | 0.841 | 0.754 | 0.672 | 
957/1000: 0.973 | 0.908 | 0.841 | 0.755 | 0.672 | 
958/1000: 0.973 | 0.907 | 0.840 | 0.754 | 0.672 | 
959/1000: 0.973 | 0.907 | 0.840 | 0.753 | 0.671 | 
960/1000: 0.973 | 0.906 | 0.839 | 0.752 | 0.670 | 
961/1000: 0.973 | 0.906 | 0.839 | 0.753 | 0.670 | 
962/1000: 0.973 | 0.907 | 0.839 | 0.753 | 0.671 | 
963/1000: 0.973 | 0.907 | 0.838 | 0.752 | 0.670 | 
964/1000: 0.973 | 0.907 | 0.838 | 0.751 | 0.669 | 
965/1000: 0.973 | 0.907 | 0.837 | 0.751 | 0.669 | 
966/1000: 0.973 | 0.907 | 0.838 | 0.751 | 0.669 | 
967/1000: 0.973 | 0.907 | 0.838 | 0.751 | 0.669 | 
968/1000: 0.973 | 0.907 | 0.837 | 0.750 | 0.669 | 
969/1000: 0.973 | 0.907 | 0.836 | 0.749 | 0.668 | 
970/1000: 0.973 | 0.907 | 0.836 | 0.750 | 0.668 | 
971/1000: 0.973 | 0.907 | 0.836 | 0.750 | 0.669 | 
972/1000: 0.973 | 0.908 | 0.837 | 0.750 | 0.669 | 
973/1000: 0.973 | 0.908 | 0.837 | 0.751 | 0.669 | 
974/1000: 0.973 | 0.908 | 0.837 | 0.751 | 0.669 | 
975/1000: 0.973 | 0.908 | 0.837 | 0.750 | 0.668 | 
976/1000: 0.973 | 0.908 | 0.837 | 0.750 | 0.668 | 
977/1000: 0.973 | 0.908 | 0.837 | 0.751 | 0.668 | 
978/1000: 0.973 | 0.908 | 0.838 | 0.750 | 0.667 | 
979/1000: 0.973 | 0.908 | 0.838 | 0.750 | 0.667 | 
980/1000: 0.973 | 0.908 | 0.838 | 0.750 | 0.668 | 
981/1000: 0.974 | 0.908 | 0.838 | 0.751 | 0.668 | 
982/1000: 0.974 | 0.908 | 0.838 | 0.751 | 0.668 | 
983/1000: 0.973 | 0.908 | 0.837 | 0.750 | 0.668 | 
984/1000: 0.973 | 0.908 | 0.838 | 0.750 | 0.668 | 
985/1000: 0.973 | 0.908 | 0.838 | 0.751 | 0.668 | 
986/1000: 0.973 | 0.908 | 0.838 | 0.751 | 0.669 | 
987/1000: 0.973 | 0.908 | 0.838 | 0.751 | 0.669 | 
988/1000: 0.973 | 0.908 | 0.838 | 0.751 | 0.669 | 
989/1000: 0.973 | 0.907 | 0.837 | 0.751 | 0.669 | 
990/1000: 0.973 | 0.907 | 0.838 | 0.751 | 0.669 | 
991/1000: 0.972 | 0.906 | 0.837 | 0.750 | 0.668 | 
992/1000: 0.972 | 0.906 | 0.837 | 0.750 | 0.669 | 
993/1000: 0.972 | 0.906 | 0.837 | 0.751 | 0.669 | 
994/1000: 0.972 | 0.906 | 0.836 | 0.750 | 0.668 | 
995/1000: 0.971 | 0.905 | 0.835 | 0.749 | 0.668 | 
996/1000: 0.971 | 0.905 | 0.836 | 0.749 | 0.668 | 
997/1000: 0.971 | 0.905 | 0.836 | 0.749 | 0.668 | 
998/1000: 0.971 | 0.905 | 0.836 | 0.750 | 0.669 | 
999/1000: 0.971 | 0.905 | 0.836 | 0.750 | 0.669 | 
